10000000001000
100000000100100
0
0
0
11111111111111111
11111111111111111
11111111111111111
10000000001000
100000000100100
10000000000010
101000000000000
0
11111111111111111
11111111111111111
11111111111111111
10000000001000
100000000100100
10000000000010
100100000000000
1000100000001
11111111111111111
11111111111111111
11111111111111111
10000000001000
100000000100100
10000000000010
100100000000000
1000100000001
11111111111111111
11111111111111111
11111111111111111
10000000001000
100000000100100
10000000000010
1000010000000000
0
11111111111111111
11111111111111111
11111111111111111
10000000001000
100000000100100
1000000000010
0
0
11111111111111111
11111111111111111
11111111111111111
10000000001000
100000000100100
10010
0
0
11111111111111111
11111111111111111
11111111111111111
10000000001000
100000000100100
0
0
0
11111111111111111
11111111111111111
11111111111111111
10000000001000
100000000100100
0
0
0
11111111111111111
11111111111111111
11111111111111111
10000000001000
100000000100100
11111111111111111
11111111111111111
11111111111111111
11111111111111111
11111111111111111
11111111111111111
10000000001000
100000000100100
11111111111111111
11111111111111111
11111111111111111
11111111111111111
11111111111111111
11111111111111111
10000000001000
100000000100100
11111111111111111
11111111111111111
11111111111111111
11111111111111111
11111111111111111
11111111111111111
10000000001000
100000000100100
11111111111111111
11111111111111111
11111111111111111
11111111111111111
11111111111111111
11111111111111111
10000000001000
100000000100100
11111111111111111
11111111111111111
11111111111111111
11111111111111111
11111111111111111
11111111111111111
10000000001000
100000000100100
10001000000
0
0
11111111111111111
11111111111111111
11111111111111111
10000000001000
100000000100100
10000000000000000
0
0
11111111111111111
11111111111111111
11111111111111111
10000000001000
100000000100100
0
0
0
11111111111111111
11111111111111111
11111111111111111
10000000001000
100000000100100
10000000000010
101000000000000
0
11111111111111111
11111111111111111
11111111111111111
10000000001000
100000000100100
10000000000010
100100000000000
1000100000001
11111111111111111
11111111111111111
11111111111111111
10000000001000
100000000100100
10000000000010
100100000000000
1000100000001
11111111111111111
11111111111111111
11111111111111111
10000000001000
100000000100100
10000000000010
1000010000000000
0
11111111111111111
11111111111111111
11111111111111111
10000000001000
100000000100100
1000000000010
0
0
11111111111111111
11111111111111111
11111111111111111
10000000001000
100000000100100
10010
0
0
11111111111111111
11111111111111111
11111111111111111
10000000001000
100000000100100
0
0
0
11111111111111111
11111111111111111
11111111111111111
10000000001000
100000000100100
10010
0
0
11111111111111111
11111111111111111
11111111111111111
10000000001000
100000000100100
11111111111111111
11111111111111111
11111111111111111
11111111111111111
11111111111111111
11111111111111111
10000000001000
100000000100100
11111111111111111
11111111111111111
11111111111111111
11111111111111111
11111111111111111
11111111111111111
10000000001000
100000000100100
11111111111111111
11111111111111111
11111111111111111
11111111111111111
11111111111111111
11111111111111111
10000000001000
100000000100100
11111111111111111
11111111111111111
11111111111111111
11111111111111111
11111111111111111
11111111111111111
10000000001000
100000000100100
11111111111111111
11111111111111111
11111111111111111
11111111111111111
11111111111111111
11111111111111111
10000000001000
100000000100100
10001000000
0
0
11111111111111111
11111111111111111
11111111111111111
10000000001000
100000000100100
10000000000000000
0
0
11111111111111111
11111111111111111
11111111111111111
10000000001000
100000000100100
0
0
0
11111111111111111
11111111111111111
11111111111111111
10000000001000
100000000100100
10000000000010
101000000000000
0
11111111111111111
11111111111111111
11111111111111111
10000000001000
100000000100100
10000000000010
100100000000000
1000100000001
11111111111111111
11111111111111111
11111111111111111
10000000001000
100000000100100
10000000000010
100100000000000
1000100000001
11111111111111111
11111111111111111
11111111111111111
10000000001000
100000000100100
10000000000010
1000010000000000
0
11111111111111111
11111111111111111
11111111111111111
10000000001000
100000000100100
1000000000010
0
0
11111111111111111
11111111111111111
11111111111111111
10000000001000
100000000100100
10010
0
0
11111111111111111
11111111111111111
11111111111111111
10000000001000
100000000100100
10010
0
0
11111111111111111
11111111111111111
11111111111111111
10000000001000
100000000100100
0
0
0
11111111111111111
11111111111111111
11111111111111111
10000000001000
100000000100100
11111111111111111
11111111111111111
11111111111111111
11111111111111111
11111111111111111
11111111111111111
10000000001000
100000000100100
11111111111111111
11111111111111111
11111111111111111
11111111111111111
11111111111111111
11111111111111111
10000000001000
100000000100100
11111111111111111
11111111111111111
11111111111111111
11111111111111111
11111111111111111
11111111111111111
10000000001000
100000000100100
11111111111111111
11111111111111111
11111111111111111
11111111111111111
11111111111111111
11111111111111111
10000000001000
100000000100100
11111111111111111
11111111111111111
11111111111111111
11111111111111111
11111111111111111
11111111111111111
10000000001000
100000000100100
10001000000
0
0
11111111111111111
11111111111111111
11111111111111111
10000000001000
100000000100100
10000000000000000
0
0
11111111111111111
11111111111111111
11111111111111111
10000000001000
100000000100100
0
0
0
11111111111111111
11111111111111111
11111111111111111
10000000001000
100000000100100
10000000000010
101000000000000
0
11111111111111111
11111111111111111
11111111111111111
10000000001000
100000000100100
10000000000010
100100000000000
1000100000001
11111111111111111
11111111111111111
11111111111111111
10000000001000
100000000100100
10000000000010
100100000000000
1000100000001
11111111111111111
11111111111111111
11111111111111111
10000000001000
100000000100100
10000000000010
1000010000000000
0
11111111111111111
11111111111111111
11111111111111111
10000000001000
100000000100100
1000000000010
0
0
11111111111111111
11111111111111111
11111111111111111
10000000001000
100000000100100
10010
0
0
11111111111111111
11111111111111111
11111111111111111
10000000001000
100000000100100
10010
0
0
11111111111111111
11111111111111111
11111111111111111
10000000001000
100000000100100
10010
0
0
11111111111111111
11111111111111111
11111111111111111
10000000001000
100000000100100
11111111111111111
11111111111111111
11111111111111111
11111111111111111
11111111111111111
11111111111111111
10000000001000
100000000100100
11111111111111111
11111111111111111
11111111111111111
11111111111111111
11111111111111111
11111111111111111
10000000001000
100000000100100
11111111111111111
11111111111111111
11111111111111111
11111111111111111
11111111111111111
11111111111111111
10000000001000
100000000100100
11111111111111111
11111111111111111
11111111111111111
11111111111111111
11111111111111111
11111111111111111
10000000001000
100000000100100
11111111111111111
11111111111111111
11111111111111111
11111111111111111
11111111111111111
11111111111111111
10000000001000
100000000100100
10001000000
0
0
11111111111111111
11111111111111111
11111111111111111
10000000001000
100000000100100
10000000000000000
0
0
11111111111111111
11111111111111111
11111111111111111
